1005
Huti
44
54120
3608
3436
160
4
65
57
14
Covewo
23
46965
3131
3764
148
3
217
57
10
Jugefara
19
51540
3436
3436
131
1
267
49
10
Fekasawa
19
50115
3341
3658
69
1
218
45
8
Kobune
19
48360
3224
3687
126
3
224
56
11
Pofoma
18
50955
3397
3549
92
3
229
52
9
Fucutu
17
15
1
269
112
446
4374
1940
207
Wanoxugefe
17
15
1
311
136
256
4447
1972
225
Ziwa
13
54615
3641
3400
61
1
182
48
9
Luba
13
52725
3515
3420
191
1
134
87
9
Fuxe
13
15
1
270
1
442
4330
1623
222
Riyatago
12
48900
3260
3650
107
1
254
48
10
Luvi
12
54570
3638
3380
80
1
178
46
8
Weweheta
12
52815
3521
3332
147
1
268
50
11
Fesurihe
12
51525
3435
3495
105
1
243
44
8
Zato
11
52650
3510
3488
86
1
191
46
8
Cininiko
11
55155
3677
3354
134
1
105
48
10
Mozahazifo
11
15
1
369
403
455
4411
1650
68
Letitukafa
11
49935
3329
3636
126
1
181
46
10
Relu
11
55185
3679
3196
143
1
267
44
8
Sigusufi
11
44430
2962
3987
117
1
214
43
7
Bewusipe
10
48690
3246
3683
108
1
234
48
9
Xaca
10
15
1
403
193
409
4364
1687
275
Heto
10
51210
3414
3422
262
1
179
44
9
Kacalo
10
15
1
333
69
717
4494
1599
147
Ponuza
10
54990
3666
3280
121
1
204
49
11
Cuwe
10
49620
3308
3691
106
1
171
44
10
Zusowusi
9
54165
3611
3338
129
1
189
53
10
Nuve
9
54285
3619
3402
115
1
157
37
9
Yenikakisu
9
48495
3233
3701
133
1
212
43
7
Jere
9
53340
3556
3492
96
1
146
40
8
Poxaje
9
53235
3549
3397
112
1
238
44
8
Sonode
8
50640
3376
3621
76
1
205
44
8
Hagi
8
3345
223
1806
474
1447
1308
1561
545
Bixocewedi
8
48540
3236
3681
115
1
240
49
8
Yonipi
8
55290
3686
3412
123
1
77
38
12
Niyuzudo
8
52020
3468
3397
246
1
162
47
10
Xuwa
8
48375
3225
3365
108
1
585
39
8
Lesugezupi
8
50550
3370
3611
80
1
219
43
7
Cupipexeha
8
225
15
1307
1131
1168
1833
1819
66
Wini
8
48255
3217
3802
52
1
229
33
7
Cirulu
8
53265
3551
3367
81
1
279
44
8
Hofeje
8
50385
3359
3305
445
1
198
23
9
Todogezo
8
49845
3323
3559
159
1
242
41
6
Tali
8
51990
3466
3199
127
1
478
49
10
Bahigu
7
60
4
703
426
837
2719
1866
98
Vape
7
55710
3714
3253
105
1
215
43
7
Wisuki
7
48000
3200
3592
101
1
386
43
7
Foteki
7
15
1
449
96
411
4117
1346
243
Ruvoxi
7
49470
3298
3642
141
1
181
63
5
Vive
7
48810
3254
3600
112
1
315
42
7
Kitu
7
48360
3224
3388
414
1
250
46
8
Kexo
7
15
1
307
168
551
4406
1705
192
Zitaxurebi
7
51660
3444
3500
109
1
220
46
9
Bozobawe
6
56070
3738
3272
111
1
170
43
3
Yasi
6
15
1
251
229
540
4016
2066
229
Tiku
6
56205
3747
3226
164
1
136
48
8
Nocihari
6
15
1
1126
362
763
2901
1757
83
Yolexuno
6
48465
3231
3418
433
1
189
49
8
Kesoke
6
705
47
758
809
1732
1937
1720
363
Vahixekoni
6
54885
3659
3306
107
1
138
122
8
Gigevaju
6
47025
3135
3772
132
1
231
50
9
Gedake
6
50370
3358
3579
122
1
216
47
8
Xidotaki
6
54390
3626
3308
90
1
257
42
8
Sagacoju
6
49350
3290
3782
145
1
74
45
8
Tolukiko
6
48675
3245
3747
111
1
176
42
8
Meyexi
6
3255
217
1344
1055
981
1375
1323
709
Zekovika
5
51195
3413
3626
116
1
116
48
10
Xekowa
5
49380
3292
3616
146
1
224
45
7
Coreculu
5
15
1
295
198
357
4024
1762
25
Luso
5
15
1
820
249
404
4105
1558
208
Kuputizi
5
48960
3264
3354
455
1
196
51
9
Xeludesi
5
47850
3190
3303
104
1
683
43
7
Wivazo
5
49290
3286
3647
114
1
237
40
6
Jasaje
5
48765
3251
3366
1
1
266
54
6
Heko
5
52860
3524
3481
136
1
127
49
11
Nuvace
5
48600
3240
3680
86
1
276
41
6
Baze
5
47055
3137
3511
430
1
205
41
6
Sataruwa
5
525
35
594
798
815
3007
1721
378
Bofexa
5
52635
3509
3263
351
1
152
46
9
Roji
5
54495
3633
3399
126
1
112
47
11
Sebudobo
5
53040
3536
3468
70
1
208
42
6
Duza
4
90
6
352
118
665
3820
1847
541
Jofe
4
51870
3458
3545
120
1
156
43
8
Pejeda
4
49305
3287
3732
73
1
188
42
7
Nipe
4
52725
3515
3301
263
1
202
42
7
Fite
4
47895
3193
3381
480
1
220
46
10
Bapabiru
4
51030
3402
3593
117
1
166
44
9
Ruzo
4
47655
3177
3723
140
1
231
50
9
Hogodata
4
49320
3288
3684
83
1
229
40
7
Kejoxiki
4
48225
3215
3772
94
1
200
42
7
Zirawoci
4
47220
3148
3818
102
1
209
44
9
Niyakoki
4
55290
3686
3234
129
1
242
41
6
Joyu
4
15
1
589
106
424
4166
1847
197
Rexo
4
51195
3413
3292
116
1
450
48
10
Redifibizo
4
54465
3631
3244
293
1
102
48
11
Nifiku
4
15
1
691
608
742
2710
1998
238
Gemihi
4
48645
3243
3379
143
1
505
49
12
Koruse
4
4995
333
1179
720
1341
1371
1629
430
Jasa
4
2805
187
1263
1612
1874
328
1677
62
Sewofu
4
2235
149
1923
185
786
1254
1272
1433
Xazi
3
15
1
330
95
418
4280
1629
1
Bozeva
3
15
1
1
263
407
3972
1851
250
Fihi
3
49395
3293
3215
65
334
373
44
6
Kavabexo
3
45495
3033
3561
155
1
190
382
8
Lotatine
3
47850
3190
3381
145
1
561
45
9
Notu
3
47550
3170
3463
446
1
194
48
8
Yivugu
3
47250
3150
3380
78
1
337
47
1
Vahu
3
48270
3218
3423
434
1
204
41
10
Didu
3
51570
3438
3608
152
3
61
54
13
Sifo
3
15
1
248
236
815
4132
1740
159
Topidese
3
15
1
410
91
157
4563
1879
264
Sacahi
3
50595
3373
3316
403
80
122
40
7
Xavi
3
50550
3370
3592
111
1
217
42
6
Mehe
3
50475
3365
3560
170
1
196
45
8
Joharuka
3
51405
3427
3485
159
1
190
61
7
Yokuwini
3
15
1
229
209
431
4112
1849
165
Pikucefe
3
48555
3237
3750
84
1
209
42
7
Cala
3
54915
3661
3294
110
1
203
50
11
Lucirasica
3
15
1
353
67
312
3949
1757
208
Nabi
3
56475
3765
3187
104
1
214
49
10
Cezi
3
49140
3276
3182
275
335
213
43
7
Nezupo
3
15
1
830
410
1133
2270
1424
697
Sanuyese
3
49965
3331
3280
121
1
204
384
11
Xeforo
3
15
1
559
27
362
4240
1970
184
Xufi
3
46260
3084
3501
131
1
219
51
350
Lilukubo
3
15
1
126
199
422
4264
1771
1
Pavu
3
48285
3219
3880
105
1
90
42
7
Titefoba
3
15
1
331
143
715
4091
1819
230
Nosomele
3
15
1
154
1
416
4321
1769
247
Xumoxu
3
52020
3468
3344
134
1
332
44
8
Xobesi
3
47475
3165
3468
1
1
215
23
6
Rave
3
1815
121
1054
474
1161
1742
1738
373
Tesihuwa
3
15
1
441
251
732
4072
1740
93
Pubive
3
15
1
535
413
295
3562
1756
82
Jidexoyo
3
52335
3489
3514
137
1
128
50
11
Bicukito
3
51645
3443
3565
137
1
121
52
11
Gonoce
3
1965
131
954
946
2631
863
1156
322
Hiluri
3
1305
87
2274
814
1463
1712
358
296
Mifofa
3
735
49
1420
126
1854
1695
1740
121
Yoyadafi
3
900
60
913
1351
1826
360
1356
1137
Cateni
3
2385
159
1372
688
1496
807
1739
744
Jewi
2
15
1
241
130
423
4429
1924
183
Yicu
2
2520
168
729
362
898
2520
1639
328
Tijasologi
2
2550
170
908
229
1576
2841
1281
333
Pobunubata
2
5325
355
1859
405
1651
784
1478
797
Kahehi
2
48075
3205
3473
68
1
201
42
1
Kiluramasa
2
960
64
662
555
1484
2552
1388
1
Sahekoce
2
49890
3326
3278
103
1
239
386
7
Canogu
2
54795
3653
3201
115
161
145
46
9
Moku
2
47865
3191
3118
83
1
218
43
7
Feyahojo
2
47565
3171
3818
96
1
192
44
7
Pocala
2
49620
3308
3686
114
1
172
43
7
Wofiriya
2
49920
3328
3582
207
1
141
63
8
Zala
2
45
3
471
632
543
4095
1515
91
Make
2
1875
125
940
951
1087
1774
1622
139
Novaxojiyu
2
49920
3328
3582
207
1
141
63
8
Moyabi
2
46875
3125
3537
439
1
181
42
7
Volu
2
48030
3202
3499
398
1
192
43
8
Nominagotu
2
51180
3412
3548
114
1
209
41
7
Gurive
2
55140
3676
3332
120
2
140
51
10
Hazokulo
2
47730
3182
3737
141
1
230
44
3
Layusugi
2
15
1
295
227
463
4581
1582
216
Robo
2
54300
3620
3358
128
1
175
49
6
Dida
2
15
1
459
474
1029
2631
1465
827
Geki
2
49140
3276
3373
98
1
191
48
8
Tegaviki
2
46530
3102
3801
92
1
283
43
8
Lojugole
2
47565
3171
3484
96
1
192
1
7
Roro
2
52155
3477
3497
83
1
222
44
7
Fubada
2
15
1
3
67
312
4298
1757
208
Wuhomucu
2
49575
3305
3332
122
1
187
44
7
Gezutalo
2
20445
1363
2472
685
648
804
647
35
Jatulale
2
45315
3021
3400
259
1
596
46
8
Bizatufo
2
15
1
175
1
321
4358
1785
256
Lewozifi
2
49710
3314
3337
137
1
487
51
10
Hefo
2
51255
3417
3238
119
1
505
45
6
Necerunuro
2
49050
3270
3569
86
1
360
40
6
Yaje
2
48705
3247
3357
160
1
186
40
6
Wudu
2
3300
220
986
866
795
2205
1085
491
Gogisa
2
330
22
1015
1198
1494
1635
1617
373
Fonehuwe
2
46725
3115
3497
436
1
235
41
6
Noxehabo
2
46260
3084
3843
131
1
219
51
8
Tiyi
2
25875
1725
2761
660
872
749
87
495
Zepeji
2
46500
3100
3360
125
1
198
205
1
Batunabo
2
50460
3364
3262
111
1
540
45
8
Cusalici
2
1950
130
1136
736
911
2656
1629
141
Jekubepeve
2
52905
3527
3301
198
1
259
50
2
Yidu
2
47970
3198
3763
111
1
212
40
6
Yizudise
2
48585
3239
3699
109
1
229
45
8
Roramojusa
2
48030
3202
3499
398
1
192
43
8
Wiri
2
48990
3266
3242
82
1
657
78
6
Deyacoxice
2
50625
3375
3259
193
1
107
49
1
Hugagu
2
15
1
134
185
423
4494
1882
226
Begalumoja
2
54555
3637
3261
129
1
255
41
7
Lubo
2
375
25
589
1
323
3359
1486
930
Rode
2
52125
3475
3337
284
1
188
42
5
Nogogope
2
4080
272
136
386
1957
242
1507
2504
Luviyehi
2
345
23
1025
1320
1558
1483
1383
212
Nesifadula
2
2565
171
1372
560
1080
1782
877
1162
Taxetopa
2
1020
68
679
247
1953
1412
724
1922
Saxuyo
2
10680
712
1971
964
1768
171
1115
302
Golekevu
2
210
14
611
1076
1477
703
1544
1577
Nogulaki
2
5310
354
1251
587
1531
1051
756
1473
Lemajo
2
1770
118
1557
1487
1866
792
641
541
Yewo
2
1470
98
1849
1113
1033
400
379
2132
Secuca
2
6600
440
1459
995
1166
1445
1206
293
Letu
2
1455
97
1146
1656
1644
1140
628
692
Raka
2
705
47
1414
385
1536
1954
459
1208
Fexo
2
3885
259
830
344
2544
2327
446
254
Junoyo
1
45720
3048
3244
81
1
240
42
7
Kabe
1
56400
3760
3235
193
1
101
45
8
Sijene
1
48450
3230
3418
1
1
213
44
7
Wihuzide
1
49350
3290
3420
110
1
120
46
343
Hofave
1
45510
3034
3415
268
336
222
48
8
Fojijebi
1
23175
1545
2496
1018
1
561
579
616
Hekisu
1
46725
3115
3585
113
1
142
37
357
Vadime
1
18930
1262
2246
720
892
285
689
560
Gukagi
1
1785
119
893
528
1049
2219
1690
157
Viyixipu
1
29865
1991
2371
173
569
793
612
147
Zoku
1
46125
3075
3415
225
1
240
381
2
Rahozaga
1
49710
3314
3667
101
1
197
43
8
Jeboca
1
54615
3641
3352
94
1
197
40
6
Serico
1
45060
3004
3587
145
1
1
48
8
Wuvivo
1
46455
3097
3516
92
335
243
42
6
Tugema
1
52335
3489
3073
208
1
175
43
8
Vuyani
1
49845
3323
2978
113
1
200
41
6
Vojujuhira
1
50700
3380
3235
106
1
560
41
7
Kera
1
1170
78
885
458
1088
2382
1698
750
Zibuze
1
15
1
379
115
332
4278
1657
233
Pibahipu
1
26745
1783
2369
481
906
858
876
65
Dufu
1
39405
2627
3660
96
1
234
40
5
Rahofafa
1
30
2
502
220
298
3644
1803
165
Kuvayizoho
1
48975
3265
3729
130
1
145
50
10
Wamo
1
51690
3446
3239
137
1
114
1
9
Kijivu
1
48315
3221
3419
125
335
178
44
8
Lili
1
46635
3109
3405
241
1
195
40
6
Yeju
1
50730
3382
3285
110
1
168
43
1
Vefizice
1
56175
3745
3234
122
1
173
47
7
Bave
1
51450
3430
3190
108
1
218
1
7
Sadute
1
47670
3178
3263
127
1
375
379
8
Yifiwa
1
45465
3031
3378
622
1
170
42
85
Dotepusi
1
48960
3264
3330
99
38
224
39
1
Sijifo
1
18900
1260
1946
102
185
2011
941
189
Revoyuhu
1
15
1
234
173
233
4240
1649
119
Losoru
1
45930
3062
3682
445
1
105
41
7
Xodiha
1
35325
2355
2271
146
170
1111
549
59
Sita
1
43680
2912
3580
260
335
199
40
5
Xowiyi
1
22800
1520
2533
104
905
999
873
1
Tovizi
1
47400
3160
3308
1
1
238
49
7
Burifu
1
1260
84
513
792
883
2288
2019
760
Jime
1
47055
3137
3511
96
335
205
41
6
Dojule
1
50175
3345
3326
98
1
161
402
6
Ciyenefu
1
47850
3190
3363
162
1
234
42
1
Sayubalepu
1
50565
3371
3107
1
1
213
42
8
Cipopuzanu
1
24780
1652
1991
739
847
1067
864
180
Luli
1
56085
3739
3223
129
1
205
38
8
Tufiza
1
47985
3199
3284
263
335
202
41
7
Morajizu
1
49635
3309
3370
132
1
131
48
1
Vihufehu
1
52500
3500
3178
114
1
449
81
8
Milipudi
1
41805
2787
3451
267
1
94
44
6
Bekite
1
45600
3040
3555
459
1
217
50
8
Tavubixipi
1
45795
3053
3583
106
1
198
1
8
Cufahaza
1
15
1
346
247
432
4312
1974
33
Yileko
1
38025
2535
2214
129
85
1073
614
12
Tayimili
1
46905
3127
3519
91
335
212
40
7
Liyita
1
27945
1863
2594
316
581
902
896
192
Pagoyinu
1
50415
3361
3601
148
1
171
43
6
Mopuciwi
1
25545
1703
2428
355
276
644
632
616
Giwopo
1
50670
3378
3266
99
1
202
43
342
Daholi
1
49755
3317
3319
124
1
188
1
5
Bemizukuda
1
46290
3086
3537
1
1
196
45
8
Fokubipe
1
15
1
645
151
621
4150
1557
207
Yicoro
1
47775
3185
3487
54
1
216
390
6
Joxawowuvi
1
15
1
303
244
428
4182
2042
130
Nuso
1
15
1
511
223
407
4011
1663
523
Noxiyayo
1
52200
3480
3195
125
1
140
47
343
Madewuni
1
47370
3158
3477
114
335
199
41
7
Zakisosu
1
28890
1926
2150
478
398
1583
563
249
Kakisaro
1
48255
3217
3425
453
1
197
41
6
Rufusocoyo
1
50985
3399
3224
105
344
234
26
8
Duwute
1
48180
3212
3339
114
1
614
43
8
Juvi
1
46350
3090
3890
75
1
230
38
7
Fibokilozi
1
46320
3088
3459
198
1
196
46
1
Wige
1
49935
3329
3699
61
1
190
43
7
Kawivu
1
52125
3475
3135
127
1
211
42
1
Zikalave
1
53790
3586
3339
120
1
233
45
8
Xuxe
1
46485
3099
3377
274
335
204
34
8
Zolizufaze
1
48990
3266
3225
268
1
180
48
1
Bedupi
1
36630
2442
2891
244
189
797
367
1
Lasukoceze
1
15
1
155
197
676
4182
1899
235
Bugatapuwu
1
49995
3333
3312
107
1
531
41
5
Nujeyu
1
15
1
323
146
386
4261
1667
561
Lirukebabe
1
26175
1745
2404
574
479
776
1011
349
Dose
1
48765
3251
3088
128
1
140
44
10
Koba
1
50085
3339
3495
234
38
180
39
6
Xurabupapu
1
49530
3302
3358
145
1
1
63
8
Zufe
1
25320
1688
1839
53
218
1917
823
114
Neza
1
15
1
571
170
408
4163
1582
1
Sawocu
1
50205
3347
3184
1
1
136
62
8
Hekucoxu
1
2940
196
1144
650
1205
2126
1731
300
Bafeva
1
49560
3304
3278
1
1
256
51
5
Jaleni
1
49140
3276
3231
235
1
538
43
7
Pococu
1
41415
2761
3494
126
1
230
43
8
Rucuji
1
525
35
327
495
1078
2827
1694
191
Muda
1
48090
3206
3309
178
1
592
38
7
Gekutu
1
25500
1700
2267
931
557
955
888
33
Yixuyusuwa
1
26310
1754
1765
135
358
2097
433
120
Kazupeso
1
55890
3726
3280
109
1
163
41
10
Cahoruri
1
54975
3665
3275
126
1
181
77
6
Mubetabe
1
49035
3269
3410
73
1
528
42
7
Yira
1
26340
1756
2587
269
788
489
724
717
Dasohahu
1
57675
3845
3126
131
1
177
43
8
Pumisa
1
50940
3396
3265
121
1
497
41
10
Foluze
1
46515
3101
3563
72
1
212
39
1
Bahaya
1
42360
2824
3366
110
1
149
205
8
Boxe
1
49590
3306
3346
115
1
510
44
8
Vuhifo
1
47025
3135
3438
132
1
231
50
9
Hejuyole
1
25890
1726
1433
132
358
2130
766
118
Haxuto
1
49500
3300
3369
127
1
485
42
7
Heboyoyo
1
24195
1613
2303
73
521
1478
1089
268
Tuhakuzu
1
49125
3275
3353
112
1
201
47
342
Nudu
1
52005
3467
3493
88
1
235
41
6
Sixecuso
1
48810
3254
3580
161
1
292
39
5
Mixipe
1
48855
3257
3400
87
335
202
42
7
Becukoviwa
1
47895
3193
3378
419
1
290
42
8
Gezisogaja
1
52635
3509
3246
98
1
1
46
8
Jutike
1
25200
1680
2457
576
480
1122
673
351
Menidone
1
53475
3565
3207
120
1
224
206
9
Xedu
1
50745
3383
3249
123
1
550
24
9
Luyuzele
1
34095
2273
1912
609
593
834
975
142
Rirebe
1
900
60
692
620
937
3113
1665
259
Larijute
1
50460
3364
3134
101
159
193
38
341
Bugora
1
17520
1168
1059
980
153
1348
1077
1218
Wanotipoyi
1
3720
248
1276
1464
1263
871
589
1293
Zakeperiyo
1
4035
269
1611
1039
1503
1007
580
994
Kumudizu
1
870
58
1542
891
1654
615
1612
631
Mohuceju
1
3075
205
1279
383
958
1555
1412
1211
Doterusobu
1
3555
237
1085
230
1778
742
934
1997
Salayugifa
1
2385
159
331
754
1714
1282
2280
485
Gucahacu
1
4725
315
742
115
1806
1344
1242
1439
Tukire
1
34245
2283
1402
16
850
967
1474
12
Vulirano
1
7845
523
1161
805
2006
1686
78
745
Xoyevutohi
1
5985
399
834
73
2711
678
596
1714
Hopata
1
14040
936
1128
1239
687
842
1007
1165
Hidikigiyi
1
11190
746
1753
1050
532
845
1722
354
Jirevicota
1
1200
80
1882
1144
1386
1888
257
366
Kude
1
7455
497
1782
1840
784
64
1358
677
Diziho
1
4455
297
825
1213
1153
1454
1431
632
Jerefobufi
1
23400
1560
792
1520
1570
177
323
1060
Hekecesu
1
15360
1024
1403
1720
114
677
921
1144
Pozotafo
1
23970
1598
1374
1179
1169
39
1588
57
Nezatite
0
25815
1721
1766
253
217
2192
811
370
Xuyu
0
23325
1555
2007
63
172
2144
1296
92
Dupo
0
23640
1576
1756
1
211
2294
922
84
Lila
0
49410
3294
3376
143
1
117
57
1
Fobo
0
15
1
234
170
459
4031
1905
196
Befabo
0
46770
3118
3204
106
1
856
39
7
Saxa
0
46755
3117
3906
80
1
191
42
3
Yoli
0
24765
1651
2179
282
563
1247
727
696
Luje
0
30840
2056
2510
599
505
415
208
1046
Vureva
0
51945
3463
3300
82
1
102
43
351
Riruxoda
0
47685
3179
3472
96
1
1
42
7
Habudoya
0
52065
3471
3241
58
1
173
45
1
Vegaluji
0
50250
3350
3271
201
1
116
1
10
Jele
0
22830
1522
2056
232
418
1640
632
162
Larifazo
0
46785
3119
3319
1
160
243
42
7
Koli
0
24600
1640
1869
137
123
1816
966
113
Yipoga
0
26655
1777
1952
166
149
1944
1275
86
Suku
0
47370
3158
3396
207
351
181
47
8
Ciholaza
0
47715
3181
3324
113
1
663
42
7
Divuro
0
25740
1716
1959
1
740
1373
713
170
Deja
0
48795
3253
3398
95
1
196
46
1
Lufe
0
26670
1778
1771
1
210
2096
925
84
Nalucicu
0
26175
1745
1802
1
217
2246
819
113
Tevarexi
0
52110
3474
3162
144
335
158
47
10
Musecemo
0
20625
1375
2266
327
525
1201
869
83
Wuvexe
0
24885
1659
2231
351
891
282
683
558
Godahepo
0
27180
1812
2725
441
714
619
195
148
Xupilemo
0
26955
1797
1408
167
211
2060
926
85
Layu
0
36795
2453
2470
239
449
544
458
35
Zabibexota
0
24120
1608
2352
351
362
1383
999
283
Nuseyi
0
45960
3064
3247
97
1
203
43
7
Vogi
0
49155
3277
3317
1
1
186
46
8
Hedagego
0
45930
3062
3408
1
1
198
49
4
Luwonefisu
0
31275
2085
2373
523
75
796
888
598
Fifatihelo
0
48945
3263
3335
106
1
236
1
8
Vilonova
0
47160
3144
3118
129
1
217
45
8
Kido
0
25905
1727
1789
110
317
2228
897
262
Nanu
0
23085
1539
2253
128
342
2060
895
114
Gabu
0
21660
1444
1737
39
204
2212
892
124
Gayu
0
25605
1707
2124
1066
892
305
685
559
Nomemayako
0
49410
3294
3376
1
1
117
57
8
Kolaji
0
47745
3183
3796
105
1
190
50
5
Teheso
0
49875
3325
3627
135
1
185
48
10
Dumuno
0
45630
3042
3554
1
1
234
46
7
Kaxu
0
48285
3219
3391
131
336
193
52
9
Mahureka
0
48180
3212
3245
287
1
183
1
7
Fevuraso
0
50865
3391
3273
84
1
202
40
7
Jaze
0
24120
1608
2147
157
752
1205
631
162
Helunuso
0
49410
3294
2951
127
1
233
47
8
Vafudo
0
50655
3377
3282
87
1
1
42
7
Livijabi
0
50820
3388
3258
109
1
522
44
9
Hori
0
1590
106
786
568
695
2804
1932
446
Duyu
0
48960
3264
3055
103
1
189
43
8
Gibi
0
25980
1732
1952
1
156
2055
901
108
Wejahi
0
24615
1641
1922
112
536
2117
905
98
Tarodedo
0
23505
1567
2030
1
180
2121
909
17
Gula
0
24195
1613
2118
708
362
1413
1007
118
Vogo
0
29820
1988
1722
117
212
2244
946
102
Bowuxipe
0
24840
1656
1786
154
389
2085
850
1
Puviwe
0
45885
3059
3266
139
1
140
51
7
Vovisujefe
0
46080
3072
3481
179
1
218
1
6
Bimutu
0
45735
3049
3245
239
1
750
41
6
Zuki
0
49305
3287
3113
192
160
526
45
7
Dozame
0
46770
3118
3188
110
1
188
47
9
Bupusasi
0
55290
3686
3291
95
1
222
40
3
Hapeju
0
49845
3323
3313
113
1
200
41
1
Roxifubuzi
0
47085
3139
3529
472
1
142
42
6
Kotomice
0
52410
3494
3172
71
1
199
400
7
Cuyekaka
0
51570
3438
3275
152
3
61
1
13
Ropece
0
40815
2721
3349
102
1
424
61
6
Fisu
0
50700
3380
3286
1
1
203
41
3
Nuga
0
49635
3309
3261
251
1
122
45
1
Bibi
0
24270
1618
1831
151
221
2624
778
106
Xupeduze
0
26100
1740
1888
63
161
1912
415
468
Kayowi
0
49785
3319
3322
1
1
195
55
5
Yilaxi
0
29520
1968
2249
351
748
564
734
724
Hakarenuwi
0
47955
3197
3383
113
1
1
45
9
Yudanu
0
48135
3209
3721
95
1
262
39
5
Fuha
0
47055
3137
3439
85
335
288
41
6
Giyuga
0
51555
3437
3216
1
1
164
41
10
Vufuxu
0
49350
3290
3649
107
1
232
43
8
Joxoyemu
0
46500
3100
3310
92
335
450
37
6
Vanaficoje
0
26775
1785
2138
1
1243
1248
243
127
Huzuyi
0
30390
2026
2049
350
362
1433
999
120
Dayo
0
23490
1566
1912
567
421
1182
983
32
Mogiwo
0
24255
1617
2161
174
954
1117
374
942
Pomo
0
50865
3391
3210
265
1
419
40
5
Jiwecixo
0
27270
1818
2094
803
912
417
340
270
Vodota
0
54345
3623
3342
113
1
203
42
8
Siyopamo
0
25725
1715
1902
637
563
807
718
311
Nexe
0
46215
3081
3429
608
1
158
46
8
Yeku
0
50625
3375
2831
136
1
258
50
11
Nevuxi
0
27210
1814
1879
93
206
1838
694
125
Vozikuhu
0
53835
3589
3193
272
1
227
42
8
Lebajihe
0
27510
1834
1619
115
212
2504
945
102
Fagageme
0
42780
2852
3488
65
1
207
42
7
Nefi
0
50070
3338
3190
125
1
1
46
9
Hixa
0
45510
3034
3403
122
1
382
45
8
Rekigutu
0
24945
1663
2583
762
1253
478
333
267
Kewasugu
0
22710
1514
1914
74
176
2168
1062
431
Tojo
0
49650
3310
3627
137
1
205
44
7
Pabelaco
0
24660
1644
1868
455
317
1879
905
263
Binabito
0
56145
3743
3159
192
1
187
42
7
Sudini
0
28845
1923
3055
548
884
201
582
155
Mofa
0
1650
110
1105
1100
1074
1852
1396
714
Voka
0
26475
1765
2389
901
480
783
671
350
Juzaro
0
22980
1532
2393
241
373
1530
1224
44
Pidayuwija
0
48420
3228
3297
130
495
125
46
9
Jita
0
26490
1766
2260
441
825
1024
839
176
Jotofipowi
0
48315
3221
3419
125
1
178
44
342
Hohiyanere
0
57615
3841
3168
121
1
147
45
9
Zapewiwu
0
46035
3069
3431
116
1
330
43
1
Toxipe
0
27375
1825
1673
52
204
2229
890
468
Latema
0
25770
1718
2365
415
617
600
306
633
Munisu
0
24405
1627
1789
157
342
2226
782
1
Pumi
0
23535
1569
1779
1
122
2178
962
270
Toxovonolu
0
25845
1723
1725
103
219
2148
1319
105
Rizapesi
0
23505
1567
1958
425
756
1276
984
365
Bigisa
0
22695
1513
1879
163
156
2276
552
108
Moheralose
0
45765
3051
3541
121
1
224
49
1
Vuze
0
1095
73
1154
212
399
2601
1471
745
Comowa
0
50235
3349
3346
96
1
153
1
8
Mayecugu
0
24000
1600
1750
403
217
1861
796
36
Gagu
0
24330
1622
2098
581
721
426
774
431
Wevi
0
51750
3450
3395
99
160
180
40
7
Wajozo
0
45720
3048
3431
260
1
207
42
341
Nili
0
49335
3289
3122
146
1
398
1
5
Vazutu
0
47160
3144
3287
338
1
177
43
1
Geziso
0
25155
1677
1950
520
825
1345
839
175
Xifu
0
53220
3548
3435
146
2
134
54
11
Piyelarave
0
35610
2374
2032
804
1109
323
177
520
Dire
0
25470
1698
1992
1
984
840
389
970
Jeje
0
23085
1539
1971
179
350
2051
857
383
Niguladimi
0
46110
3074
3737
281
1
189
42
8
Kine
0
47685
3179
3503
109
335
152
44
8
Soki
0
44070
2938
3328
151
1
181
58
6
Movo
0
960
64
644
657
1504
2571
1026
190
Hawo
0
51075
3405
3093
118
1
659
46
9
Sivunanipu
0
49530
3302
3224
78
1
184
1
3
Wimofu
0
27600
1840
2488
889
569
794
611
147
Yikigiwo
0
23505
1567
1867
107
212
2198
944
1
Lojijebeva
0
45630
3042
3444
268
1
532
40
5
Loxu
0
46740
3116
3498
429
1
244
38
5
Xicusoyalu
0
51585
3439
3264
128
1
110
380
9
Mexebivude
0
50220
3348
3369
91
1
1
39
9
Sebuyifisu
0
26535
1769
1725
242
217
2204
806
1
Pawe
0
35730
2382
2675
151
455
1088
508
97
Medugafi
0
49395
3293
3331
176
1
147
45
3
Mifo
0
25785
1719
2677
246
788
458
1060
383
Goloxizigi
0
48060
3204
3399
198
1
141
1
8
Ciso
0
25785
1719
1785
141
123
2150
632
113
Puwomo
0
46860
3124
3517
92
1
209
45
342
Ximomiyu
0
15
1
1
247
432
4312
1626
33
Hijuxi
0
23040
1536
1476
240
75
2292
916
129
Hojogawo
0
46110
3074
3681
148
1
383
38
6
Rotagupota
0
50580
3372
3263
91
343
218
43
7
Joruvewo
0
48345
3223
3460
125
335
130
47
10
Bomehoxe
0
15
1
449
1
522
4174
1565
210
Yiboyu
0
35205
2347
2859
418
249
786
540
132
Vopi
0
26565
1771
2178
653
563
798
1062
313
Mome
0
50175
3345
3326
98
1
504
59
6
Cego
0
25755
1717
1830
118
76
2202
921
465
Heduzorixa
0
4905
327
1576
1263
789
434
1547
709
Xofuvo
0
23805
1587
2134
96
206
2155
695
1
Fali
0
24780
1652
1932
126
207
2247
830
1
Sivasade
0
43710
2914
3439
165
1
87
45
3
Taho
0
22980
1532
1635
57
341
2248
777
73
Nuri
0
48975
3265
3402
101
1
177
378
8
Liyazihi
0
52380
3492
3215
102
1
468
44
8
Sokicu
0
15
1
565
270
688
3679
1684
457
Gime
0
49065
3271
3413
94
335
174
37
7
Bemapahixo
0
26670
1778
2136
493
398
855
735
251
Facotejidu
0
23220
1548
1935
117
1
2204
960
110
Jelici
0
24825
1655
2171
176
752
1442
975
161
Defesupo
0
9975
665
922
169
254
2983
1447
186
Gifapa
0
48885
3259
3398
136
336
137
53
11
Tigayazu
0
23610
1574
2527
1
689
726
767
425
Fozogohe
0
34605
2307
3048
231
249
824
541
131
Hapa
0
23550
1570
1906
110
317
1934
565
260
Tihexa
0
23055
1537
1764
1
122
2240
962
110
Kumaji
0
23505
1567
2221
119
122
2234
959
109
Buyu
0
25095
1673
1838
232
217
2193
808
1
Zirehepevu
0
2580
172
733
398
669
2474
1378
831
Wiwakiro
0
18570
1238
1348
180
276
2698
1581
44
Safusola
0
47805
3187
3468
103
1
184
1
5
Miwuwoke
0
24105
1607
1870
103
122
2559
960
110
Wuhe
0
25095
1673
1802
282
216
2162
492
36
Miri
0
47190
3146
3195
125
1
140
47
9
Lewi
0
25965
1731
2333
164
1210
445
477
979
Lona
0
19575
1305
1996
436
389
1513
841
184
Mihazuni
0
51000
3400
3266
133
1
1
44
8
Merufa
0
47985
3199
3460
98
1
191
42
1
Gugupe
0
25125
1675
1731
158
342
2237
781
1
Goxidexu
0
22380
1492
1952
102
343
2578
789
74
Wadosihe
0
24585
1639
1906
75
172
2150
1297
92
Nuxakipiwa
0
54930
3662
3300
138
1
171
49
8
Lopeza
0
48735
3249
3274
241
335
179
45
7
Lumijoho
0
49395
3293
3198
264
1
521
46
8
Lafo
0
19605
1307
1657
184
207
2247
943
110
Lebuluki
0
46335
3089
3727
279
1
178
52
5
Huwevuxi
0
47370
3158
3189
125
1
133
47
9
Mapezexoje
0
23205
1547
2088
956
712
1058
789
181
Tojadiwe
0
24480
1632
1897
135
210
2114
924
1
Fezifo
0
27600
1840
2282
402
655
788
474
213
Suzuwi
0
50430
3362
3343
1
1
130
42
8
Reve
0
24045
1603
1769
304
195
2510
815
135
Fayu
0
48135
3209
3371
191
1
181
371
7
Sepofu
0
49020
3268
3153
100
1
391
78
1
Rogi
0
41535
2769
3521
108
1
208
47
7
Sawe
0
56760
3784
3195
122
1
173
48
7
Lika
0
17940
1196
1616
163
169
2282
1100
129
Raxuneko
0
52770
3518
3181
82
334
167
42
5
Labuyobita
0
15
1
358
103
427
4591
1641
224
Lorabekohi
0
47820
3188
3253
130
1
368
46
344
Jaxi
0
23745
1583
2003
25
217
1898
814
112
Fepudibu
0
24420
1628
1696
212
202
2229
1252
111
Xarexepe
0
52125
3475
3239
140
1
81
383
11
Poji
0
48540
3236
3272
97
1
348
37
1
Ciwesasa
0
45135
3009
3574
546
2
159
50
8
Yuwokimo
0
27330
1822
1694
73
1
2242
902
108
Viha
0
26490
1766
1675
171
202
2113
1290
128
Dabu
0
38550
2570
2880
38
415
454
64
241
Widulovire
0
52215
3481
3473
112
1
210
46
7
Cufe
0
24360
1624
2029
699
550
496
700
557
Hume
0
22335
1489
1930
154
273
2184
521
99
Duzi
0
51585
3439
2953
123
1
97
41
10
Fotaza
0
24045
1603
1735
280
341
2046
879
1
Toyi
0
48210
3214
3426
439
1
206
40
5
Nikexo
0
25590
1706
2593
843
915
409
840
34
Nexa
0
22125
1475
2393
716
549
280
682
558
Xafinaxumo
0
51390
3426
3232
432
1
188
44
8
Casode
0
48300
3220
3351
129
1
234
1
10
Fozolodu
0
46155
3077
3481
442
1
281
42
6
Xucu
0
49275
3285
3399
97
335
167
42
7
Licuvude
0
27930
1862
2232
831
915
627
839
34
Xanisi
0
50550
3370
3385
405
1
143
29
8
Guravede
0
47550
3170
3528
448
1
138
38
8
Xiredemoki
0
25110
1674
2425
248
127
868
717
596
Dozaja
0
47265
3151
3431
106
1
253
53
2
Cajazovohu
0
30765
2051
1707
63
217
2367
823
114
Sicarexa
0
27945
1863
2244
316
581
902
1246
192
Goxokube
0
23670
1578
2359
66
172
2105
960
90
Dafo
0
30
2
505
297
694
3216
1787
145
Xodaya
0
48060
3204
3325
132
1
126
200
1
Rutu
0
50040
3336
3371
419
1
183
23
7
Xacu
0
23025
1535
1966
101
317
1917
900
1
Mizubopiwo
0
20565
1371
2212
402
435
1372
798
71
Dajivetuve
0
25095
1673
2181
247
419
1819
955
53
Xiki
0
15
1
418
305
630
3607
1874
162
Bekibo
0
23265
1551
2380
594
557
1323
891
35
Seguselabi
0
26010
1734
1794
221
1
2187
808
36
Yuvefojiho
0
50385
3359
3310
122
1
1
44
8
Pomuligehi
0
49125
3275
3381
88
1
527
49
9
Kevotiro
0
26175
1745
2145
683
760
860
354
107
Yubari
0
47160
3144
3480
130
336
188
46
7
Kikigu
0
50655
3377
3198
108
1
260
44
8
Wagi
0
44400
2960
3376
143
1
117
57
8
Kejeco
0
26340
1756
2776
489
713
899
557
148
Zixodinohe
0
24825
1655
2668
614
846
304
207
1044
Daca
0
26565
1771
2760
560
583
821
705
147
Dosoxi
0
51750
3450
3232
97
1
169
372
9
Vimalo
0
49155
3277
3280
105
1
281
378
8
Jecefipe
0
34950
2330
2193
556
417
689
553
601
Cinenaku
0
24945
1663
2094
696
362
1406
998
120
Zepiro
0
47760
3184
3408
126
1
562
43
7
Zocosi
0
27075
1805
1496
292
507
1395
745
412
Sayazoto
0
48480
3232
3333
146
335
234
46
4
Gibuyurulo
0
40560
2704
3437
275
1
196
42
7
Loso
0
27330
1822
2268
643
137
769
666
349
Deze
0
46695
3113
3612
100
1
1
41
7
Sovira
0
46650
3110
3347
200
161
459
45
8
Role
0
27045
1803
1941
127
206
2090
1050
127
Wulifubacu
0
50475
3365
3310
127
1
135
382
10
Dotada
0
49755
3317
3309
1
1
216
43
6
Fuxatemu
0
25500
1700
2434
623
711
891
790
180
Hexu
0
19080
1272
2245
712
891
290
685
559
Jeve
0
43770
2918
3408
96
1
190
41
8
Mogasexi
0
30630
2042
2164
251
419
1463
956
53
Kajezipo
0
23325
1555
2338
87
436
1370
804
71
Leno
0
31320
2088
1991
182
192
2008
766
104
Mafovivuza
0
49170
3278
3496
271
77
163
41
6
Toxukewe
0
26010
1734
1794
221
550
2187
808
36
Rebu
0
23670
1578
2349
943
557
981
889
34
Roxizagi
0
48405
3227
2908
296
1
174
45
3
Beju
0
25440
1696
2153
311
739
1380
1062
3
Mivi
0
50790
3386
2891
91
1
246
41
7
Fetuwuba
0
52170
3478
3180
137
335
145
46
9
Pisoko
0
47850
3190
3787
117
1
181
46
8
Jaguhuto
0
28920
1928
2760
526
863
200
910
151
Vibohutiyo
0
45030
3002
3349
181
160
255
1
6
Sivocipemo
0
25845
1723
2325
102
206
2169
696
126
Jaju
0
24600
1640
1725
319
552
2104
914
84
Nenawe
0
49770
3318
3624
158
1
184
41
6
Rezavo
0
15
1
468
9
580
3458
1922
216
Leweheli
0
25890
1726
1888
67
172
2096
956
425
Dulovi
0
46080
3072
3187
174
1
174
45
9
Conaziwo
0
49590
3306
3587
120
1
196
124
5
Dohovevezi
0
51915
3461
3243
83
1
161
1
8
Bidahoju
0
5835
389
716
879
990
2635
1119
610
Lakoponeca
0
49110
3274
3361
104
1
203
1
7
Kuridopa
0
30330
2022
1775
85
341
2252
781
73
Fugimohe
0
15
1
13
288
724
3444
1674
508
Moveyahi
0
48750
3250
3395
101
1
196
44
9
Tubaxiru
0
49635
3309
3374
136
335
117
48
11
Hodo
0
23790
1586
2306
818
479
754
666
45
Raboza
0
22470
1498
1868
296
195
2181
1159
133
Pozu
0
23130
1542
1913
1
122
2222
960
110
Seno
0
48285
3219
3431
100
1
531
42
8
Yutokidu
0
44670
2978
3422
187
160
203
375
6
Yoki
0
49050
3270
3396
127
1
476
49
10
Napobu
0
23550
1570
1759
1
217
2468
820
112
Becivi
0
25875
1725
2432
853
1253
473
334
268
Mizoniji
0
44310
2954
3855
253
1
221
42
6
Hokuko
0
49680
3312
3345
114
1
170
45
343
Kone
0
50130
3342
3342
67
1
188
1
7
Detogijabo
0
25350
1690
1746
106
212
2196
611
101
Diguwaduho
0
25650
1710
1715
164
156
2242
1252
108
Vawonefu
0
45990
3066
3344
112
1
426
41
6
Tesopa
0
24765
1651
1851
125
341
2027
889
1
Cuveci
0
23385
1559
1973
153
195
1818
829
135
Hecu
0
25125
1675
1821
183
1
2143
845
135
Xujave
0
51510
3434
3184
70
1
256
46
1
Lapera
0
50640
3376
3264
122
335
180
45
9
Fima
0
25245
1683
2143
274
419
1819
957
53
Popi
0
47145
3143
3442
127
1
236
42
1
Luwuvile
0
48075
3205
3106
135
1
162
45
8
Kerimope
0
53025
3535
3440
52
1
255
50
7
Roguki
0
23805
1587
1522
163
122
2188
970
110
Fepa
0
26715
1781
1806
57
217
2207
816
1
Lixizude
0
9465
631
1209
367
714
3056
1229
140
Yudamaxede
0
50580
3372
3260
101
1
206
47
343
Nexowovo
0
45435
3029
3981
120
1
146
46
7
Tatanoya
0
24450
1630
1778
1
204
2082
996
65
Pipo
0
47400
3160
3546
102
1
139
42
7
Buwobiwa
0
54465
3631
3252
211
1
181
46
8
Cekiyeku
0
23820
1588
2033
430
421
1176
1317
366
Pugujupa
0
48240
3216
3246
447
1
169
82
170
Zinihopahu
0
55485
3699
3310
127
1
135
48
10
Riwufoji
0
23550
1570
2095
692
447
1585
814
126
Lirupoxe
0
26040
1736
2011
1
192
2043
765
102
Guro
0
48510
3234
3079
87
1
213
42
6
Dapavalo
0
23820
1588
1789
53
1
2419
818
113
Zufizidaxo
0
37815
2521
2498
492
70
557
435
90
Sufolazu
0
52170
3478
3180
137
335
145
46
9
Fenada
0
29370
1958
2741
539
863
171
917
149
Gewobidu
0
24405
1627
1806
316
217
2188
807
1
Buneso
0
46665
3111
3366
92
160
217
42
1
Bavunepo
0
33990
2266
2221
241
467
841
709
592
Denuce
0
42810
2854
3403
39
1
292
48
4
Decarese
0
47850
3190
3764
115
1
211
42
8
Puvubo
0
24315
1621
1960
56
173
2131
964
425
Puvawazuzi
0
47130
3142
3379
270
1
155
378
7
Wunivoco
0
53790
3586
3426
121
1
146
41
9
Suve
0
40605
2707
3554
111
1
234
46
7
Bogigifuga
0
49905
3327
3374
111
1
129
47
348
Gunatexe
0
15
1
426
111
358
4131
1865
1
Cuzina
0
15
1
284
95
359
4635
1708
260
Finajeko
0
28095
1873
2196
459
1321
1060
62
368
Wegawi
0
47820
3188
3139
261
1
207
194
7
Fukimule
0
2685
179
995
929
1757
1932
1148
416
Birejuga
0
48465
3231
3418
99
1
189
49
342
Tufu
0
22785
1519
1960
461
156
2072
1070
108
Josedi
0
15
1
1
95
418
4280
1629
244
Donesufu
0
23940
1596
1917
1
204
2211
890
124
Vepofaro
0
34410
2294
3227
87
249
806
538
130
Xiyu
0
24360
1624
2075
264
227
2272
846
38
Laye
0
47550
3170
3178
106
1
493
375
8
Nakati
0
23970
1598
2653
296
690
1059
770
263
Teputasa
0
48690
3246
3263
118
1
156
45
502
Nitifo
0
47145
3143
3131
255
410
189
37
167
Mifise
0
30270
2018
2607
273
689
716
764
263
Hogi
0
27765
1851
2292
864
1258
191
846
37
Sacose
0
49335
3289
3183
254
1
216
44
342
Yedipadoho
0
46755
3117
3532
1
1
194
42
6
Yozuxo
0
49290
3286
3372
429
1
211
43
7
Xoho
0
24300
1620
1855
100
156
2259
551
107
Mowibaya
0
48345
3223
3399
132
1
1
41
7
Fuhe
0
48945
3263
3153
83
159
1
41
6
Rabaceruya
0
20835
1389
1816
362
259
2043
747
47
Xofuxogova
0
20925
1395
1725
107
122
2243
960
110
Fahenoyu
0
46665
3111
3333
121
1
385
40
340
Luzosexapu
0
51585
3439
3368
134
1
183
208
6
Zosafi
0
41565
2771
3525
101
1
214
43
7
Meviluxe
0
21435
1429
2246
302
581
1004
893
191
Kaca
0
48255
3217
3313
281
1
128
380
9
Mito
0
23565
1571
1893
100
342
2227
792
406
Lumebe
0
50175
3345
3361
452
1
123
40
10
Vimojavula
0
20775
1385
1811
267
218
2132
812
39
Mevemaku
0
45105
3007
3647
88
1
206
41
340
Lujica
0
24045
1603
2553
496
808
67
814
313
Ciwa
0
45720
3048
3435
256
1
209
42
6
Nomo
0
48180
3212
3269
262
1
204
376
7
Befirubo
0
47190
3146
3465
136
1
1
51
5
Sepovalene
0
50025
3335
3362
1
1
131
42
7
Niha
0
24435
1629
1950
52
217
2216
820
458
Jito
0
51015
3401
3229
1
1
158
50
11
Wucowuhu
0
52275
3485
3148
116
1
197
43
1
Xubi
0
50565
3371
2889
212
1
142
41
7
Kufa
0
49005
3267
3343
124
1
207
46
343
Cozafu
0
52155
3477
3530
111
1
164
42
6
Riloti
0
990
66
776
718
359
2812
1780
115
Jaki
0
51975
3465
3432
245
1
137
44
7
Pinefo
0
25725
1715
2255
218
373
1511
880
1
Saculixo
0
47640
3176
3392
513
1
199
43
7
Jomezaxiri
0
24870
1658
2480
266
849
385
763
263
Yahucivi
0
47235
3149
3487
83
1
559
43
8
Wuwu
0
25080
1672
1768
214
202
2070
942
476
Hikitu
0
49830
3322
3321
112
1
1
46
6
Xikecajaku
0
12330
822
1443
367
627
2773
965
334
Tofufuki
0
48225
3215
3404
94
1
236
373
8
Hoho
0
27795
1853
2157
308
540
1517
872
101
Tasacigi
0
5205
347
751
524
1080
2216
1489
247
Sate
0
46905
3127
3362
259
1
194
1
7
Dore
0
23640
1576
2404
908
557
964
887
34
Nuxatile
0
26940
1796
1813
114
163
2159
492
118
Yewunube
0
25245
1683
2292
585
373
1477
883
45
Pucuxazufu
0
43515
2901
3060
185
93
553
544
3
Kadi
0
22050
1470
1817
126
122
2224
964
607
Cojifapoli
0
44895
2993
3568
236
1
159
35
1
Hopowihu
0
50640
3376
3239
153
1
180
376
6
Gata
0
24735
1649
2063
268
419
1421
957
570
Hofuxo
0
25845
1723
1816
362
593
2043
747
47
Nixe
0
17955
1197
1867
160
357
2155
873
45
Puyizuze
0
47010
3134
3381
1
1
194
40
6
Wozedo
0
52410
3494
3172
71
1
199
52
356
Piwanaxu
0
26370
1758
2079
170
389
2007
848
81
Rawewizu
0
46725
3115
3508
106
1
222
1
6
Lama
0
23430
1562
1689
176
1
2377
960
110
Weho
0
50220
3348
3269
101
1
230
1
7
Todi
0
24795
1653
1654
1
212
2314
948
103
Xinozupi
0
25785
1719
2293
113
206
2193
697
126
Jujixoho
0
26130
1742
1951
446
1158
1012
844
177
Jemuliheru
0
21465
1431
2023
364
1280
1194
237
126
Dehafolope
0
32910
2194
2939
472
324
350
346
21
Ketacalare
0
46875
3125
3463
158
1
207
39
1
Radizi
0
47235
3149
3153
83
1
225
43
8
Xesexudana
0
47850
3190
3383
128
1
240
48
1
Yeneyagu
0
48330
3222
3269
266
1
522
44
7
Pobuduzevi
0
51135
3409
3155
168
1
1
40
6
Rakazako
0
28605
1907
1736
448
837
692
1137
582
Vizebulo
0
55200
3680
3283
128
1
186
45
8
Fuyediviti
0
49305
3287
3774
144
1
65
48
10
Yosi
0
42000
2800
3504
123
1
187
42
7
Gocakibo
0
23775
1585
2038
199
197
2094
438
104
Sinagisasa
0
49290
3286
3341
141
1
174
381
7
Gutulopo
0
50985
3399
3563
151
1
146
64
6
Pikeli
0
25485
1699
1999
1
207
2173
699
126
Geso
0
47895
3193
3421
113
1
215
380
7
Tezaya
0
51645
3443
3231
137
1
121
52
345
Nipiraha
0
24765
1651
1742
213
209
2097
679
63
Cotani
0
47415
3161
3646
241
1
228
46
7
Cilibosa
0
26580
1772
1763
78
206
2154
1240
127
Xovemo
0
47970
3198
3248
182
1
1
40
9
Sacoyi
0
14985
999
563
993
695
1931
581
1241
Yavadapo
0
5340
356
1663
2013
827
557
580
1007
Ruxo
0
21120
1408
1210
854
228
1198
1401
705
Vowise
0
20715
1381
19
1944
313
818
1655
874
Tule
0
20295
1353
595
545
970
1057
1309
1174
Cimezepeza
0
21375
1425
936
755
703
719
1033
1432
Toleleje
0
19605
1307
1375
1467
749
1057
429
620
Zotowi
0
18780
1252
1431
1493
771
972
681
403
Xevufe
0
8490
566
1154
1092
1229
921
1978
64
Noyoke
0
31560
2104
1591
446
1678
194
833
158
Berogo
0
6105
407
1883
904
1435
864
8
1502
Revutu
0
18795
1253
1053
65
556
661
1450
1965
Gimu
0
3045
203
771
1528
72
954
2355
1120
Gofamidije
0
135
9
1684
2088
406
796
74
1947
Xexuhiposi
0
24375
1625
705
2131
99
1594
618
231
Xixazi
0
8775
585
892
854
1731
1438
942
562
Xinoropi
0
4320
288
1561
1191
939
742
2127
156
Raniyo
0
29835
1989
638
557
2987
794
16
22
Fovo
0
7785
519
1418
215
1474
1237
1443
698
Repahebeli
0
7110
474
699
435
1046
1163
2282
904
Wiye
0
18270
1218
1133
1379
1083
1015
617
558
Luwelu
0
19650
1310
467
783
537
1406
1387
1115
Cahiwuci
0
27570
1838
115
726
1671
1001
422
1231
Huloba
0
20970
1398
1418
1127
1250
649
79
1083
Rekabeti
0
9165
611
1557
778
1365
1235
15
1443
Lofecu
0
14895
993
859
1058
1702
944
504
945
Nemipuda
0
37860
2524
538
1787
1585
166
35
369
Mokumu
0
15690
1046
1912
341
863
970
1352
519
Hiweru
0
15120
1008
107
1266
1031
1389
1307
895
Loji
0
2370
158
1804
424
1199
483
2054
882
Fapinovale
0
13590
906
1609
120
1272
1097
1353
647
Xavukafere
0
2370
158
2475
213
583
1178
698
1699
Xokipetetu
0
2010
134
1565
1568
1035
1094
1099
507
Fasebasaza
0
11205
747
821
1045
1026
1206
1268
889
Vicu
0
8595
573
718
47
1780
1356
1435
1095
Puyu
0
8040
536
1829
431
1644
841
1028
695
Bidedekiki
0
8820
588
1774
752
1100
156
1041
1592
Yigegu
0
22530
1502
782
549
391
1457
1375
949
Mikupabaha
0
18135
1209
1080
821
567
756
1326
1244
Bamufuxevi
0
17415
1161
433
1793
916
1389
527
783
Cekubexebu
0
24075
1605
1465
1045
333
560
877
1119
Xibi
0
33075
2205
1018
355
1185
474
1232
534
Piwiwovexa
0
18330
1222
203
1664
1684
578
1581
72
Tikapuporu
0
9840
656
1380
1222
1536
1732
341
136
Fohihi
0
8790
586
1510
1298
261
656
1264
1428
Betavahofa
0
11835
789
1545
564
385
576
1928
1217
Zezu
0
18540
1236
932
757
595
1645
509
1331
Hija
0
7830
522
920
2354
306
489
686
1727
Tomejike
0
25710
1714
657
903
162
1784
1412
372
Dewuxebu
0
22440
1496
1760
1212
978
108
1030
420
Zupe
0
24195
1613
1001
282
1195
1347
245
1320
Xanuwi
0
13770
918
1073
1350
1394
855
763
649
Telosile
0
16800
1120
1151
574
807
145
1915
1292
Ladesaxojo
0
26325
1755
1626
177
1024
950
1249
222
Xurifowo
0
6135
409
1647
1011
608
1525
271
1532
Vifuzuvu
0
7200
480
2724
1389
229
353
1164
665
Nelaso
0
19620
1308
169
1133
1041
780
1264
1309
Halomalu
0
20385
1359
1005
129
300
1454
1610
1146
Pumicu
0
14910
994
1553
1071
1452
696
721
516
Dezamamuce
0
1530
102
1005
1141
1268
1053
1261
1173
Papimo
0
19170
1278
495
1060
1379
357
875
1560
Dosowe
0
10125
675
1566
1100
639
942
1346
737
Rocile
0
22020
1468
695
1638
944
1025
648
586
Jeraxe
0
4890
326
1079
643
1423
1620
1405
507
Biluwisome
0
20220
1348
902
310
1007
1460
1039
937
Xewusanu
0
3600
240
1444
946
922
1105
934
1413
Yojagive
0
15285
1019
1283
184
656
866
1614
1382
Zakixerore
0
25230
1682
1999
643
1110
51
883
635
Kazofufe
0
31215
2081
451
128
2210
1888
87
159
Puzogavo
0
10995
733
92
709
1607
1837
780
1245
Huwo
0
23700
1580
138
1542
1065
686
411
1582
Wewowe
0
15480
1032
1136
1078
304
1102
1128
1222
Fuca
0
16590
1106
480
1604
1281
329
849
1354
Mibejunipi
0
25440
1696
633
662
1736
1291
334
651
Pocohofaku
0
13905
927
602
1180
1462
84
2119
629
Rujeza
0
26955
1797
129
1916
1352
1078
459
272
Yihi
0
5985
399
641
1302
473
1733
1857
599
Daturejo
0
27105
1807
836
975
411
499
1090
1387
Yetipa
0
4485
299
1740
1564
119
752
1165
1365
Dujasalu
0
31410
2094
1614
1132
116
125
175
1747
Zuyi
0
22245
1483
1085
1536
70
780
1296
753
Puru
0
11040
736
353
865
741
473
994
2841
Kofulimoyo
0
12570
838
1008
1750
851
178
1737
642
Gogafo
0
13335
889
250
207
1623
2620
35
1379
Xosube
0
17685
1179
368
1247
1912
1361
7
930
Pozacera
0
20985
1399
195
1175
355
706
693
2481
Yumo
0
14745
983
465
1091
1584
475
1026
1379
Pobesado
0
19365
1291
606
936
1398
1256
430
1086
Guco
0
7545
503
1364
777
1135
954
1185
1085
Lixe
0
1215
81
713
82
1668
1370
2569
521
Cehubaso
0
960
64
774
2270
1284
68
339
2205
Nekufovope
0
10485
699
2228
530
780
1222
880
665
Xizaze
0
21945
1463
284
1112
1434
432
1027
1252
Sologuki
0
1980
132
1190
944
1480
1032
1063
1163
Nudu
0
7560
504
1541
1597
334
976
653
1399
Howiwafila
0
17295
1153
1540
1441
72
848
693
1257
Sohepudi
0
22890
1526
2
1361
1424
1527
649
513
Rucavu
0
255
17
228
2076
1037
1379
1080
1188
Situzati
0
6960
464
514
1294
56
690
1984
2001
Caloxeso
0
12630
842
215
1154
1854
491
661
1786
Tebofohi
0
22890
1526
9
464
1198
1355
740
1711
Vefa
0
9705
647
2613
445
232
2167
460
439
Jezuluko
0
3060
204
965
1154
394
2305
890
1091
Zohe
0
17595
1173
631
806
1428
764
1278
924
Zabugiloda
0
4035
269
768
1760
1304
228
1466
1209
Dudixe
0
7725
515
1656
1833
512
949
793
745
Rapepa
0
24510
1634
572
1061
372
684
1220
1460
Fani
0
27450
1830
162
1591
1025
676
625
1095
Rewopuvobo
0
12450
830
622
1100
1145
729
876
1703
Wimu
0
16575
1105
1592
330
1016
868
943
1151
Nurenuda
0
8910
594
599
1462
1697
1022
83
1548
Fubofaca
0
26145
1743
1864
627
215
1109
886
559
Pemajajoto
0
23730
1582
1026
356
1194
1711
1019
114
Nema
0
22905
1527
497
174
1630
900
1111
1163
Dizaxafo
0
16740
1116
878
1053
240
2076
1187
453
Kipitopo
0
15120
1008
1168
558
1545
1286
1186
252
Tazasazu
0
32820
2188
727
791
1742
1154
115
287
Raba
0
4455
297
2117
368
601
944
1409
1268
Heruku
0
17370
1158
42
1177
961
1363
1256
1047
Yazidulixi
0
17850
1190
320
920
231
1879
1431
1034
Wafayepo
0
26505
1767
546
929
1421
32
885
1423
Tosavere
0
7020
468
1280
871
1448
1162
988
786
Gahi
0
1245
83
1100
1224
1072
362
530
2632
Kijadija
0
15600
1040
1318
1859
414
432
815
1127
Bogozi
0
6525
435
1931
2137
508
555
870
568
Wejamito
0
16020
1068
1463
1595
199
1122
1272
285
Gebaniro
0
23535
1569
517
1679
1294
275
1665
4
Vutope
0
8355
557
751
295
1803
1030
1803
765
Rame
0
29130
1942
1050
97
1946
1356
432
180
Beyusura
0
19455
1297
1148
1485
569
220
1481
804
Zibihu
0
28740
1916
215
1147
1356
1151
364
855
Nopesobuji
0
6810
454
1617
1275
1335
1149
586
588
Tadipo
0
6405
427
1154
194
602
1728
1094
1805
Doso
0
3720
248
1430
1937
1105
1385
685
214
Xokuhome
0
18630
1242
706
1395
963
165
2291
241
Jokoguya
0
14505
967
659
966
2416
428
1190
377
Motefoce
0
1680
112
1558
3060
1791
179
123
180
Nekoma
0
6405
427
1969
917
658
1425
1346
262
Foguha
0
14475
965
1555
711
1246
1031
160
1336
Muze
0
16485
1099
448
686
691
1358
1469
1253
Comutalo
0
13815
921
2118
172
1198
739
766
1089
Weze
0
11685
779
768
1544
440
1484
132
1856
Hekanihopu
0
25170
1678
850
1156
1242
241
72
1763
Gomali
0
13650
910
1574
1483
1487
248
343
959
Devitoza
0
22920
1528
1294
933
1748
691
113
697
Bokeziza
0
17625
1175
1467
1363
956
513
913
617
Wuxitosisa
0
5820
388
1071
916
413
1198
1707
1311
Cusele
0
20235
1349
642
2084
974
23
209
1722
Rena
0
7635
509
1912
1005
1099
84
1694
700
Nupofova
0
20760
1384
155
1663
590
1322
1471
419
Duvaradowu
0
27840
1856
1549
295
1583
609
467
643
Gawiwaxo
0
5850
390
1415
717
681
1409
565
1827
Jejanejana
0
5910
394
532
1655
926
1123
102
2272
Hofomi
0
28080
1872
13
857
1029
1535
840
859
Layoruje
0
23205
1547
677
1032
516
1696
5
1530
Vivano
0
1845
123
975
1100
258
1927
860
1761
Sexa
0
11025
735
63
1740
1981
926
312
1247
Tanuna
0
1230
82
1497
760
324
1650
984
1705
Keyilumoge
0
23115
1541
505
1412
1469
477
476
1124
Lekifewu
0
14565
971
1421
722
1359
1053
590
887
Goxefoyu
0
21870
1458
718
1000
1831
789
173
1034
Soke
0
9825
655
1273
1039
1598
598
350
1491
Hajurufi
0
7710
514
389
232
1696
456
1691
2025
Desizebobo
0
17550
1170
962
851
253
806
783
2179
Dagerotu
0
12255
817
771
1120
1328
1160
440
1369
Neca
0
11430
762
1391
359
1733
7
1130
1620
Yeno
0
10530
702
1278
943
1579
230
2220
51
Gefahe
0
2175
145
864
847
1875
878
488
1906
Samotejoka
0
14640
976
599
1061
734
771
1740
1123
Mewinoxe
0
26325
1755
2192
1127
1122
715
41
52
Pokiyo
0
12525
835
603
828
1123
1540
1456
618
Xujapi
0
15780
1052
1626
1111
1309
193
353
1358
Foza
0
20820
1388
1288
485
267
1281
1278
1016
Ruge
0
8535
569
782
1415
837
283
1744
1374
Zemotu
0
10365
691
1977
936
1085
1056
1170
89
Wamujazu
0
15975
1065
1018
773
1484
981
195
1488
Rohobevi
0
3330
222
779
1010
471
1849
1091
1581
Gewupenahe
0
17685
1179
281
420
1045
1475
1291
1313
Yogeyoke
0
14895
993
464
1514
105
1165
1294
1466
Fapo
0
17745
1183
1810
1334
820
131
2
1724
Duvafaku
0
21225
1415
1119
1257
1508
75
898
732
Biwuyika
0
5025
335
1281
2006
464
1432
1191
294
Digi
0
24540
1636
1031
1360
604
858
586
927
Dehati
0
4455
297
473
1782
2373
1179
670
230
Bime
0
23160
1544
562
444
1199
1331
866
1057
Geku
0
2715
181
1008
439
1843
586
1201
1745
Bahemi
0
12495
833
1685
70
618
741
1373
1684
Rumewa
0
3750
250
1801
875
1536
100
1233
1210
Vonava
0
25095
1673
272
96
1627
346
1432
1557
Sohu
0
20670
1378
450
660
1040
1869
1279
327
Kicehibeji
0
22320
1488
1530
927
805
1154
1023
77
Xunojuhe
0
495
33
1209
1484
381
2734
319
845
Surutexu
0
7875
525
717
1300
1623
516
1396
927
Hosomexeme
0
17685
1179
2484
719
732
1013
205
670
Foluni
0
7605
507
1472
1282
1646
290
124
1682
Susepi
0
30420
2028
472
2145
1586
560
119
94
Rago
0
22425
1495
1226
267
4
849
1794
1368
Xivudivoli
0
21420
1428
1170
617
668
1479
1450
192
Tuta
0
6405
427
627
1565
2101
752
275
1255
Gulegora
0
7665
511
728
1188
1801
655
1059
1063
seila
0
17490
1166
1166
1166
1166
1166
1166
7000
